-2.64216334619 0.290120845106 -1.0202820731 -0.261775663755 -0.532557090058 0.426341361391 0.528636778474 -0.178082288245 0.128820159664 0.175680117761 -0.0436617948271 0.0301072573531 0.0421610798228 -0.0689767217877 -0.0529136566017 0.0157877068377 0.0962085965475 -0.320245747816 -0.00590128965175 -0.0117359394648 -0.000708790485883 0.0208192592813 -0.0567395742365 0.00727198656448 0.0405457287751 -0.0413685346193 -0.00244431433275 0.0110388087356 -0.0400001467865 -0.0346790460136
0.290120845106 -0.381191137552 -0.161339197032 -0.234961262166 -0.0775889565533 -0.412917793658 -0.287426792126 -0.131800694343 -0.469838928436 -0.307666898497 -0.101754306831 -0.211783806855 -0.172079388438 0.206847825464 -0.187698427127 -0.186812137106 0.518526615801 -0.979904254318 0.00466081951308 -0.0390847661025 -0.186853329605 0.194876283921 -0.404104786604 0.00818824683608 -0.132415665347 -0.174672336072 -0.175906389056 -0.257554884763 -0.203850507489 -0.0667734434179
-1.0202820731 -0.161339197032 -0.699467338579 -0.289132755475 -0.290935293428 0.00796458792169 0.154219856468 -0.0867974748595 -0.163537801304 -0.0778929244345 -0.0341450012705 -0.0863905217258 -0.0441877715686 0.130071087135 -0.311525989425 -0.0902182434418 0.582167669646 -1.21611327469 0.0644063716325 -0.0529851019705 -0.081095212116 0.17658325075 -0.336278360499 -0.0266436578641 -0.106852194221 -0.315252747409 -0.163978300012 -0.190256041742 -0.201678921282 -0.0410527840814
-0.261775663755 -0.234961262166 -0.289132755475 -0.222657523825 -0.197391226859 -0.26113038251 -0.159966504256 -0.198403696151 -0.37949586117 -0.241305271538 -0.114361823553 -0.156603520638 -0.168996330156 0.129625387718 -0.106866518856 -0.162914513687 0.355549649868 -0.677274072158 -0.0751421057017 -0.0320675635326 -0.150730425886 0.12909364618 -0.326059567412 0.0186988062476 -0.0779334610033 -0.0482302198707 -0.113962087403 -0.200582956631 -0.143880323474 -0.0745518613141
-0.532557090058 -0.0775889565533 -0.290935293428 -0.197391226859 -0.920227368354 0.0172931072685 0.296268832833 -0.784311446519 0.0510220839732 0.27032100861 -0.292697692583 -0.0322368463747 0.0910284165489 -0.186982538201 -0.0597301393757 -0.151890158797 -0.283222883321 -0.0635984737293 -0.24413432213 -0.0351306846884 -0.0682202328391 -0.190045907575 -0.176199681405 -0.0914427686595 0.123691107942 0.0173763242309 0.0770152829956 0.105468115471 0.316864735869 -0.44899851909
0.426341361391 -0.412917793658 0.00796458792169 -0.26113038251 0.0172931072685 0.360013995634 -0.116522422482 0.0510220839732 0.303473598749 -0.0798309760882 -0.0322368463747 0.105310306197 -0.0309022112929 0.104348956615 0.135234043478 -0.183606107052 -0.0597301393757 0.15157104373 -0.00930538850047 -0.0532616497792 0.140521743113 -0.0351306846884 0.257950517714 -0.66670903169 -0.0720415281987 -0.717571369229 0.531039451473 0.0173763242309 0.584534750943 -0.258239216245
0.528636778474 -0.287426792126 0.154219856468 -0.159966504256 0.296268832833 -0.116522422482 -0.505400352676 0.27032100861 -0.0798309760882 -0.54065046136 0.0910284165489 -0.0309022112929 -0.205171610302 -0.0597301393757 -0.656568687926 -0.391249821673 -0.222330989321 -0.209228463399 -0.0351306846884 -0.258694041203 -0.318177449682 -0.303665979286 -0.0683921288981 0.289131996152 0.129615927839 0.572117910849 -0.0430137948865 0.575747625889 -0.03255870642 0.158770317456
-0.178082288245 -0.131800694343 -0.0867974748595 -0.198403696151 -0.784311446519 0.0510220839732 0.27032100861 -0.747917689823 0.071338076209 0.265975653561 -0.318498859479 -0.0251361130377 0.0909630874912 -0.265834856523 -0.0991400437245 -0.182809056582 -0.276323658531 -0.0187884816315 -0.321591623937 -0.0410279689321 -0.0476414002357 -0.219418340262 -0.210704707833 -0.0827371329231 0.146610187108 0.009965339326 0.135691690211 0.0646210557249 0.291682717988 -0.41308434836
0.128820159664 -0.469838928436 -0.163537801304 -0.37949586117 0.0510220839732 0.303473598749 -0.0798309760882 0.071338076209 0.256795786872 -0.0511513780253 -0.0251361130377 0.105385690305 -0.0205334350868 0.0856415449408 0.0911525662224 -0.09652040029 -0.0991400437245 0.230605708861 -0.0604712055859 -0.0879950006839 0.220040891637 -0.0410279689321 0.341800485664 -0.684443974986 -0.0778973306792 -0.7676656245 0.561149833579 0.009965339326 0.605367766665 -0.284654348231
0.175680117761 -0.307666898497 -0.0778929244345 -0.241305271538 0.27032100861 -0.0798309760882 -0.54065046136 0.265975653561 -0.0511513780253 -0.628819061166 0.0909630874912 -0.0205334350868 -0.283082386317 -0.0991400437245 -0.663618802653 -0.453412780614 -0.249781510775 -0.183738112377 -0.0410279689321 -0.282270105543 -0.327918137088 -0.353693239171 -0.0657116697892 0.306993714094 0.13940512191 0.649171338884 -0.120337804123 0.670399780532 -0.0141156986794 0.150880423058
-0.0436617948271 -0.101754306831 -0.0341450012705 -0.114361823553 -0.292697692583 -0.0322368463747 0.0910284165489 -0.318498859479 -0.0251361130377 0.0909630874912 -0.106938649198 -0.0865673918518 0.0306108530202 -0.129337661402 -0.0337790127407 -0.0514373009921 -0.107308651785 -0.0391458727719 -0.152806131339 -0.0147615275396 -0.0685291454529 -0.127641453643 -0.182218641276 -0.101375002048 0.0538264492456 0.0185400933968 0.0825433344765 0.0700703421987 0.0987749844264 -0.105507484816
0.0301072573531 -0.211783806855 -0.0863905217258 -0.156603520638 -0.0322368463747 0.105310306197 -0.0309022112929 -0.0251361130377 0.105385690305 -0.0205334350868 -0.0865673918518 0.0294058449712 -0.0226936371758 0.00822132504954 0.0197677207375 0.0109851113309 -0.0337790127407 0.132747582295 0.0253485381172 -0.0764167801876 0.14158828674 -0.0147615275396 0.173979160544 -0.391151683881 -0.0394844671747 -0.348530274199 0.281874605195 0.0185400933968 0.283965095566 -0.112460475655
0.0421610798228 -0.172079388438 -0.0441877715686 -0.168996330156 0.0910284165489 -0.0309022112929 -0.205171610302 0.0909630874912 -0.0205334350868 -0.283082386317 0.0306108530202 -0.0226936371758 -0.0389444619531 -0.0337790127407 -0.243058472745 -0.168002329692 -0.120016566445 -0.0635381862612 -0.0147615275396 -0.0815471854931 -0.285601388317 -0.275566064883 -0.0256123367277 0.137902820703 0.0361029000561 0.326567804175 -0.120768256232 0.295935590218 0.026792459596 0.0564441847566
-0.0689767217877 0.206847825464 0.130071087135 0.129625387718 -0.186982538201 0.104348956615 -0.0597301393757 -0.265834856523 0.0856415449408 -0.0991400437245 -0.129337661402 0.00822132504954 -0.0337790127407 -0.150475597179 -0.0878042194957 -0.069251375317 0.140583877429 -0.284728176864 -0.118541147456 -0.0442811700407 -0.0564083548562 0.0774358924729 -0.104006365832 0.258632503511 0.158743206613 0.210552058334 -0.0532170124606 0.00176037050309 0.0261041637258 0.656492797236
-0.0529136566017 -0.187698427127 -0.311525989425 -0.106866518856 -0.0597301393757 0.135234043478 -0.656568687926 -0.0991400437245 0.0911525662224 -0.663618802653 -0.0337790127407 0.0197677207375 -0.243058472745 -0.0878042194957 -0.62031472035 0.760220664439 0.228524691555 0.858574476449 -0.0442811700407 -0.363378174062 0.368671646366 0.0780795003628 0.328546923098 -0.0716123193411 0.352078064331 -0.438749122728 0.000846186298088 -0.277866406525 0.425960021198 0.0594013641638
0.0157877068377 -0.186812137106 -0.0902182434418 -0.162914513687 -0.151890158797 -0.183606107052 -0.391249821673 -0.182809056582 -0.09652040029 -0.453412780614 -0.0514373009921 0.0109851113309 -0.168002329692 -0.069251375317 0.760220664439 0.0178745353835 0.380359726275 1.26837247108 -0.0564083548562 0.368671646366 -0.180395663165 0.264532634704 0.44016069973 0.0345942483097 -0.226724303253 -0.700178472816 -0.415030525871 -0.732753939445 0.276468636447 -0.145988704312
0.0962085965475 0.518526615801 0.582167669646 0.355549649868 -0.283222883321 -0.0597301393757 -0.222330989321 -0.276323658531 -0.0991400437245 -0.249781510775 -0.107308651785 -0.0337790127407 -0.120016566445 0.140583877429 0.228524691555 0.380359726275 -0.935207657688 0.676300017641 0.0774358924729 0.0780795003628 0.264532634704 -0.420844769603 0.199928913363 -0.0167734433037 -0.378897881547 -0.277866406525 -0.585367816228 -0.149031434495 -0.219854218013 -0.336335143917
-0.320245747816 -0.979904254318 -1.21611327469 -0.677274072158 -0.0635984737293 0.15157104373 -0.209228463399 -0.0187884816315 0.230605708861 -0.183738112377 -0.0391458727719 0.132747582295 -0.0635381862612 -0.284728176864 0.858574476449 1.26837247108 0.676300017641 -0.311287762056 -0.104006365832 0.328546923098 0.44016069973 0.199928913363 -0.0645016092105 0.0739158481973 0.0261041637258 0.0595350392932 0.381649162865 -0.166173209697 -0.165474715126 -0.207965032306
-0.00590128965175 0.00466081951308 0.0644063716325 -0.0751421057017 -0.24413432213 -0.00930538850047 -0.0351306846884 -0.321591623937 -0.0604712055859 -0.0410279689321 -0.152806131339 0.0253485381172 -0.0147615275396 -0.118541147456 -0.0442811700407 -0.0564083548562 0.0774358924729 -0.104006365832 -0.442769131276 -0.0474846056958 0.0497963044423 0.0105187900042 -0.16233227483 0.0356308778903 -0.00662637405335 0.211778171415 -0.0804303044303 0.105622812053 0.0381956227299 0.638630247456
-0.0117359394648 -0.0390847661025 -0.0529851019705 -0.0320675635326 -0.0351306846884 -0.0532616497792 -0.258694041203 -0.0410279689321 -0.0879950006839 -0.282270105543 -0.0147615275396 -0.0764167801876 -0.0815471854931 -0.0442811700407 -0.363378174062 0.368671646366 0.0780795003628 0.328546923098 -0.0474846056958 -0.311362842607 0.408751850766 -0.0876209285464 0.281318000924 -0.00839261826864 0.146719371353 -0.310907330301 0.178620549399 -0.165668766366 0.226701482457 0.0230934959266
-0.000708790485883 -0.186853329605 -0.081095212116 -0.150730425886 -0.0682202328391 0.140521743113 -0.318177449682 -0.0476414002357 0.220040891637 -0.327918137088 -0.0685291454529 0.14158828674 -0.285601388317 -0.0564083548562 0.368671646366 -0.180395663165 0.264532634704 0.44016069973 0.0497963044423 0.408751850766 -0.350978611617 0.183346692185 0.408945421035 -0.0563306645789 -0.156956886181 -0.383206242918 -0.331391429209 -0.303094661527 0.217024087914 -0.179876278483
0.0208192592813 0.194876283921 0.17658325075 0.12909364618 -0.190045907575 -0.0351306846884 -0.303665979286 -0.219418340262 -0.0410279689321 -0.353693239171 -0.127641453643 -0.0147615275396 -0.275566064883 0.0774358924729 0.0780795003628 0.264532634704 -0.420844769603 0.199928913363 0.0105187900042 -0.0876209285464 0.183346692185 -0.147835276602 0.0669995788725 0.0392796948041 -0.278113640539 -0.165668766366 0.0581985424766 -0.0010430150889 -0.603746422113 -0.20541108791
-0.0567395742365 -0.404104786604 -0.336278360499 -0.326059567412 -0.176199681405 0.257950517714 -0.0683921288981 -0.210704707833 0.341800485664 -0.0657116697892 -0.182218641276 0.173979160544 -0.0256123367277 -0.104006365832 0.328546923098 0.44016069973 0.199928913363 -0.0645016092105 -0.16233227483 0.281318000924 0.408945421035 0.0669995788725 0.242824640963 -0.164823001234 0.0381956227299 -0.197456281079 0.232277459408 -0.266869301661 -0.247923734316 -0.337669558905
0.00727198656448 0.00818824683608 -0.0266436578641 0.0186988062476 -0.0914427686595 -0.66670903169 0.289131996152 -0.0827371329231 -0.684443974986 0.306993714094 -0.101375002048 -0.391151683881 0.137902820703 0.258632503511 -0.0716123193411 0.0345942483097 -0.0167734433037 0.0739158481973 0.0356308778903 -0.00839261826864 -0.0563306645789 0.0392796948041 -0.164823001234 0.236770119313 -0.340408753797 0.542799492127 -0.407921647803 -0.0132683206374 0.0308901455027 0.547332880253
0.0405457287751 -0.132415665347 -0.106852194221 -0.0779334610033 0.123691107942 -0.0720415281987 0.129615927839 0.146610187108 -0.0778973306792 0.13940512191 0.0538264492456 -0.0394844671747 0.0361029000561 0.158743206613 0.352078064331 -0.226724303253 -0.378897881547 0.0261041637258 -0.00662637405335 0.146719371353 -0.156956886181 -0.278113640539 0.0381956227299 -0.340408753797 -0.644046689951 0.298947082744 -0.149132507207 0.349558178961 -0.215884273954 0.57299700697
-0.0413685346193 -0.174672336072 -0.315252747409 -0.0482302198707 0.0173763242309 -0.717571369229 0.572117910849 0.009965339326 -0.7676656245 0.649171338884 0.0185400933968 -0.348530274199 0.326567804175 0.210552058334 -0.438749122728 -0.700178472816 -0.277866406525 0.0595350392932 0.211778171415 -0.310907330301 -0.383206242918 -0.165668766366 -0.197456281079 0.542799492127 0.298947082744 -0.246852444156 0.46879087453 0.0856874394002 -0.1091583492 0.0517202538448
-0.00244431433275 -0.175906389056 -0.163978300012 -0.113962087403 0.0770152829956 0.531039451473 -0.0430137948865 0.135691690211 0.561149833579 -0.120337804123 0.0825433344765 0.281874605195 -0.120768256232 -0.0532170124606 0.000846186298088 -0.415030525871 -0.585367816228 0.381649162865 -0.0804303044303 0.178620549399 -0.331391429209 0.0581985424766 0.232277459408 -0.407921647803 -0.149132507207 0.46879087453 -0.551181754113 0.317601765975 0.0424423065694 -0.202386762464
0.0110388087356 -0.257554884763 -0.190256041742 -0.200582956631 0.105468115471 0.0173763242309 0.575747625889 0.0646210557249 0.009965339326 0.670399780532 0.0700703421987 0.0185400933968 0.295935590218 0.00176037050309 -0.277866406525 -0.732753939445 -0.149031434495 -0.166173209697 0.105622812053 -0.165668766366 -0.303094661527 -0.0010430150889 -0.266869301661 -0.0132683206374 0.349558178961 0.0856874394002 0.317601765975 -0.948507056475 0.344863348185 0.401578507776
-0.0400001467865 -0.203850507489 -0.201678921282 -0.143880323474 0.316864735869 0.584534750943 -0.03255870642 0.291682717988 0.605367766665 -0.0141156986794 0.0987749844264 0.283965095566 0.026792459596 0.0261041637258 0.425960021198 0.276468636447 -0.219854218013 -0.165474715126 0.0381956227299 0.226701482457 0.217024087914 -0.603746422113 -0.247923734316 0.0308901455027 -0.215884273954 -0.1091583492 0.0424423065694 0.344863348185 -0.501547233743 0.360683912744
-0.0346790460136 -0.0667734434179 -0.0410527840814 -0.0745518613141 -0.44899851909 -0.258239216245 0.158770317456 -0.41308434836 -0.284654348231 0.150880423058 -0.105507484816 -0.112460475655 0.0564441847566 0.656492797236 0.0594013641638 -0.145988704312 -0.336335143917 -0.207965032306 0.638630247456 0.0230934959266 -0.179876278483 -0.20541108791 -0.337669558905 0.547332880253 0.57299700697 0.0517202538448 -0.202386762464 0.401578507776 0.360683912744 -0.385602627319
