-4.16925012796 0.0615966379791 -2.37305470975 -0.632692296499 -0.515874747845 -0.472055001233 0.566833774181 -0.121932022617 -0.112074383929 0.229708466243 -0.026526043352 -0.0248207464067 0.0590036023562 -0.120079549622 0.0898249657922 -0.174641086997 -0.208905102401 0.167511331534 -0.0187113996454 0.0159787037112 -0.0339066570597 -0.0213528799773 0.0263769166045 -0.117764219282 0.0553153812833 0.00605733742004 0.0237817001207 0.0548239384149 0.00582627527934 -0.0828010915599 -0.000133145872084 -0.159552385701 -0.00495468953173 -0.272140838903 -0.203512637372 0.0478803129024 -0.243713629598 -0.177099189468 0.0435053199158 -0.209632360217 -0.343229288716 0.0786602236496 -0.413442125668 0.00216596821513 0.00298591190671 -0.00827888820007 -0.0157403165406 -0.00653033917084 0.101480613996 0.111178652004 -0.207824834568 -0.494335266349 -0.187681207299 0.037337915318 0.0756641651376 0.0372052452074 0.0173419810784 -0.170806824145 -0.128483906957 -0.0334611794638 -0.205467500134 -0.200983551467 -0.25931502165 -0.000784425322659 -0.0424962835023 0.0273503345071 -0.044847019417 -0.36304610046 0.251624823947 -0.0270973047976 0.156197770628 -0.000728526987196 0.011453782063 0.114915487158 -0.245933520219 -0.262675826444 -0.282822812154 0.0347207030368 0.0377617627941 0.0236319316734 0.36771433452 0.372334959888 0.242129596703 -0.256306804912 -0.168270495317 0.0843782871959 -0.153555199912 0.00990664864783
0.0615966379791 -0.0664828934925 -0.324977956221 0.0297309551382 0.69699499091 0.456356681298 0.261278865851 0.694582997187 0.376083142376 0.166995905664 0.344560658478 0.21149698057 0.0518950811807 0.0355547479443 0.362785144341 -0.464133151258 0.4079428631 0.262009226031 0.22254923666 0.144079506205 0.0483794799209 0.206432136371 0.167155858498 -0.553535976884 0.353424729811 0.266672903694 0.106642474935 -0.238624243229 0.19475961002 -0.267713147305 0.0728036005504 0.0121774015841 0.153255499803 -0.0704763562771 0.0794296101005 0.0608040835222 -0.146981486359 -0.0156763356334 0.011343437944 -0.127807176757 0.0532210162345 0.116530657746 -0.21944344555 0.0271769089862 -0.180100900043 -0.0982960923896 0.0348610600372 0.140077451725 0.20933244988 -0.0202246649636 -0.243486250444 -0.123114918318 -0.0399778369439 -0.0611010455683 -0.150715759395 0.153419998699 -0.121041481649 -0.142175297941 -0.228729601996 -0.0592884760757 -0.181028591358 -0.207524693065 -0.0695945092957 0.185352900478 -0.232108603924 -0.0647889689339 0.1593754146 -0.119137780732 0.112829509627 -0.0165290996334 0.145230785089 -0.100830347574 -0.141592947479 0.11005009743 0.357878920025 0.433831773684 0.182419630438 -0.331054892551 -0.232232611939 -0.0924276248163 -0.177572345537 -0.258903815791 -0.0280617366576 0.0768581108231 0.185702079054 -0.186135387254 -0.0832208350558 0.00864564466921
-2.37305470975 -0.324977956221 -2.08361353168 -0.524729352838 0.236515879861 0.165992387146 0.725668238677 0.367132174646 0.249049070815 0.397521121949 0.150900910616 0.0866294302302 0.106121677964 -0.205848261476 0.371401332575 -0.794438105852 0.181593510838 0.391751339946 0.0246592122022 0.12769146716 -0.12890871072 0.128725140264 0.0989380636805 -0.548686552658 0.289587235883 0.0992457820577 0.15492379755 0.0453567767195 0.252614514552 -0.285368024733 0.00713898728575 -0.207910375147 0.0208574226726 -0.347793189242 -0.229927069799 0.0809722278926 -0.336487836671 -0.260025105098 0.0698174615801 -0.327183157949 -0.358603977595 0.15795495278 -0.520115171162 -0.051957077144 -0.0428533423791 -0.0748473831963 -0.00940399187083 -0.00413511087391 0.218939943116 0.217993095325 -0.316929964289 -0.688040882188 -0.267976083499 0.0885668176712 0.190096114482 0.0958185751978 0.00185161643806 -0.354776066468 -0.327249141069 -0.112789227406 -0.297399208625 -0.31941564853 -0.293986766687 0.0287289632007 -0.201089414362 0.0845562342763 0.0698192050519 -0.497183754586 0.376320971216 0.022413861546 0.392129263322 0.0346876798477 -0.0816922427892 0.357379944306 -0.0593291073738 -0.0257576759537 -0.199452901893 -0.164614440739 -0.150276953183 -0.0648459990489 0.208302520698 0.14740831786 0.175380240098 -0.00532388302186 -0.0207243861146 -0.11533479586 -0.0383819677989 -0.0406903175705
-0.632692296499 0.0297309551382 -0.524729352838 -0.0449484758085 0.466831440342 0.273733805431 0.237507330733 0.56604976181 0.28932871037 0.124206985001 0.313779034509 0.233592767046 0.0516662193541 0.0492336512501 0.257111796476 -0.260178068833 0.258943132852 0.199212906656 0.269592616184 0.108974768229 0.118075491532 0.160617300094 0.160836676807 -0.419192835203 0.282234361703 0.275037246324 0.0515583339473 -0.249009467288 0.0839750739087 -0.235507311788 0.0935444338174 0.0274378469944 0.182093264792 -0.0669900905974 0.0783799838494 0.0858793073158 -0.166825513608 -0.0078384628499 0.0279021206486 -0.118186501963 0.0428745088634 0.134494167157 -0.258484747916 0.161708026847 -0.190747272825 -0.0601221430307 0.0029716609392 0.185437656096 0.270240509818 -0.10009446351 -0.275322589727 -0.0552752678819 -0.0351541541319 -0.135082150944 -0.300818457919 0.195317069116 -0.0862780798287 -0.0791991409844 -0.165565319082 -0.00589348008083 -0.210164008545 -0.228592479982 -0.107266852272 0.233448631039 -0.222319363346 -0.141195063904 0.108789759501 -0.120155828895 0.0850405672369 -0.0213970992769 0.064974983112 -0.169463453168 -0.0714634057348 -0.0352380415134 0.320554978518 0.388642009626 0.158559680667 -0.260554065921 -0.152955486289 -0.0468601960228 -0.123077256454 -0.139941339967 0.0456510885038 -0.0771283400707 0.147150007251 -0.0507258360422 -0.17290546075 0.0245270861477
-0.515874747845 0.69699499091 0.236515879861 0.466831440342 0.0428559687889 0.0343546142715 0.105167642844 0.246538522535 0.110919051429 0.191270530201 0.087093613005 0.132293108513 0.089046810665 -0.485856001972 0.312635780846 -0.170109999028 0.387178467492 0.00530816054998 -0.142838207068 0.139172033846 -0.3517405575 0.0261168117448 0.236625585039 0.464993875437 -0.0525856674405 -0.0600196462004 -0.436439940215 -0.0990331688472 0.421416927178 0.688270386467 -0.055443070711 0.00937177368841 -0.119786139811 0.12481555827 0.00960130639208 0.0418027893302 0.177687039851 0.011978339547 0.0845322064089 0.103164153686 0.125837369026 0.035636451935 0.339130262681 -0.0949548646297 0.108872847755 0.106777479968 0.000967588451777 -0.15678906147 -0.135480232281 0.120331810893 0.180010926555 -0.0465986344963 0.120888183715 0.0430018864138 0.197573455739 -0.0638114903092 0.13230252088 0.019230461541 0.164814734144 0.0643962950839 0.207737665843 0.178164469016 0.25309641024 -0.0943348646093 0.019601053501 -0.0622521908399 0.0355252854399 0.221725951695 -0.169651184827 0.0881975594989 -0.136357491759 0.148376978946 0.153614015305 -0.0257846435387 0.428432749979 0.451911457245 0.371731380834 -0.109849258892 -0.307584356148 -0.151929773563 -0.154927856548 -0.421545530317 -0.146834770659 -0.0322550915156 0.184656196333 -0.118269888313 -0.0746655384954 -0.319045030651
-0.472055001233 0.456356681298 0.165992387146 0.273733805431 0.0343546142715 -0.443046771816 0.21001681534 0.110919051429 -0.152835702983 0.188871364279 0.132293108513 -0.073346662891 0.0750293027395 0.862738271448 -0.0528290746354 -0.0593221804986 0.312635780846 -1.00982985665 0.600334463377 0.0105401590743 0.123663021025 0.139172033846 -0.413412897982 -0.356171355782 0.200854688312 0.00147362711234 0.0288214716991 -0.0600196462004 -0.247272388377 0.144262016072 0.0421971157263 0.0249108006841 0.0241587328373 0.0686922756854 0.121525042448 -0.0118919772286 -0.0555882165158 0.0793561581812 0.0192017731381 -0.0714250217872 0.176974500592 -0.111357791449 -0.00625130974832 0.0619678277831 -0.00655372133255 0.0177124549945 -0.0836871615519 0.0486454662762 -0.0315858818023 -0.0743036425148 -0.14500629517 0.0458940322407 -0.0925505269633 -0.0491855163872 0.0492335071975 0.0811297224153 -0.0319465358789 0.0136617804093 0.0453132304461 -0.117225073124 0.310386334045 0.321298950823 0.230933376393 -0.297060298662 0.279915507548 0.0662753948895 -0.0866792811694 0.260421251144 -0.13614584341 -0.00356117936681 -0.233841695109 0.130338296271 0.187932666551 -0.00670112044941 0.337706012256 0.358218062417 0.236297477265 -0.424042167051 -0.0431178305502 -0.0785173014924 -0.29369392242 -0.0104409164992 0.0192966182867 -0.0175595599833 0.112149565788 -0.0198137442774 -0.0742070966994 0.387148619587
0.566833774181 0.261278865851 0.725668238677 0.237507330733 0.105167642844 0.21001681534 -0.593400882947 0.191270530201 0.188871364279 -0.160179266858 0.089046810665 0.0750293027395 0.0695830797585 0.312635780846 0.421224824043 0.536321331974 0.573407270806 0.220003771064 0.139172033846 0.484765326347 0.101705640068 0.227727531742 0.00778832633524 -0.122416538669 0.101507956749 0.378424633474 -0.0227209026451 -0.0851573427862 0.123910693423 0.0900441569578 -0.114470091532 -0.0303487944228 -0.232845501546 0.0513893464061 -0.00290748583829 -0.11593090444 0.159274107055 0.103646327323 -0.064131564701 0.167349414758 0.160443545236 -0.155711606639 0.177596700951 -0.0723073227811 0.270529409932 0.0969267288528 -0.0536300111531 -0.194528126336 -0.290030769685 -0.00123344811 0.240023952524 0.354122867525 0.100571699411 0.123943911751 0.262829929795 -0.279887530049 0.095892631175 0.317889251771 0.311217861988 0.0613012375625 -0.0623498742443 -0.0868763478613 0.089963528079 0.113590711316 -0.243919522132 -0.195160337007 0.0345413352017 0.039980714301 -0.173078297306 -0.0947269833674 -0.0405737709153 -0.067706423803 0.0697835103252 0.193566602163 0.288485066322 0.334145484233 0.212470390448 -0.252684035207 -0.11974010401 0.102945717359 -0.331697965616 -0.232135361202 0.141537298026 0.106588484952 0.0814562109824 -0.200221090226 -0.131663987927 0.0333694018132
-0.121932022617 0.694582997187 0.367132174646 0.56604976181 0.246538522535 0.110919051429 0.191270530201 0.362817102844 0.168999489595 0.234275792087 0.151451150294 0.145646788782 0.101368802722 -0.375921242342 0.271703101501 -0.304739407388 0.296365233918 0.207950984574 -0.140104807329 0.154480736351 -0.44887410109 0.00367344970551 0.30950720694 0.525422591098 -0.151943821698 -0.0393658270794 -0.455086885824 -0.0662015235742 0.407583106666 0.752084617061 -0.0639900167386 0.00297237722019 -0.138398999683 0.145001276042 -0.0105417454836 0.0424117626778 0.179060843254 -0.0245405556356 0.0987381915864 0.083981402539 0.16116044581 0.0422431757709 0.376264107934 -0.0406226400704 0.146777635129 0.134104287043 -0.0240031080042 -0.180823199541 -0.0894406603712 0.133068130242 0.180877036534 -0.0688484358689 0.0991007547332 0.0190886157938 0.223572306394 -0.0512966682192 0.216295444731 -0.0190397222813 0.164687461669 0.0703602917437 0.250022895203 0.212069220515 0.313707486151 -0.0932810636299 -0.00326899972862 -0.0774468790875 0.0635517727869 0.236289168669 -0.212215651774 0.1369958438 -0.12015061511 0.157007726886 0.191056027938 -0.00334649361558 0.524093147808 0.558845858395 0.45818164728 -0.135723883909 -0.358927291088 -0.191285278086 -0.16783161361 -0.541338464916 -0.223258801328 -0.00258618225382 0.260822372331 -0.171506179564 -0.0760469317656 -0.316294753164
-0.112074383929 0.376083142376 0.249049070815 0.28932871037 0.110919051429 -0.152835702983 0.188871364279 0.168999489595 -0.0109058450697 0.18420117543 0.145646788782 -0.0496471926976 0.0700773438765 0.782059959159 -0.146825057571 -0.0250347081371 0.271703101501 -0.824163763062 0.690709768773 0.00439023030681 0.135052209182 0.154480736351 -0.407710639355 -0.401238765204 0.266980251781 0.0730848418196 0.053907193696 -0.0393658270794 -0.331469027962 0.132638188305 0.0503388557952 0.0245685666439 0.0294923585722 0.0704548117425 0.130690255793 -0.0132336738868 -0.0463541053796 0.0827415469794 0.0175511485879 -0.0606219829717 0.194447880573 -0.126946512276 0.0102471000756 0.0583935386496 -0.00285481525917 0.0139217927598 -0.0786852146233 0.0639869511085 -0.00192469586145 -0.0232054579756 -0.126718601212 0.0744260364552 -0.0475217474687 -0.0261367258197 0.0661272049579 0.0994518109674 -0.0286103024616 0.0425160597462 0.0611818581454 -0.0975300107176 0.316489442761 0.317500779538 0.234357171156 -0.348883131344 0.246615477674 0.0859920325845 -0.134853790621 0.208101224377 -0.105291467353 0.0560548593156 -0.123869290424 0.127697739377 0.277409031296 0.0431295055831 0.389540050295 0.424179534827 0.256202714105 -0.516950506313 -0.0597707249583 -0.0895937607347 -0.353978077812 -0.0375493697029 -0.0292582666963 -0.00836425332301 0.123524312419 -0.099586062948 -0.109845202936 0.471785259996
0.229708466243 0.166995905664 0.397521121949 0.124206985001 0.191270530201 0.188871364279 -0.160179266858 0.234275792087 0.18420117543 0.123092043803 0.101368802722 0.0700773438765 0.144243369824 0.271703101501 0.404881134274 0.383275023647 0.462186807068 0.221595145744 0.154480736351 0.501523120003 0.0387799424242 0.222744226424 -0.000358390300647 -0.197352469462 0.178287503668 0.415899392623 0.0769625949974 -0.0481523395083 0.104732788443 0.0574008751414 -0.134971912588 -0.131190861556 -0.279656384192 -0.0614592755257 -0.152432761048 -0.0736863643209 0.0562255595184 -0.0449783830892 0.00108501598733 0.0500702865583 0.0254961201904 -0.10316317412 0.0680141396916 0.0223214333414 0.330650215595 0.123783442717 -0.121113295306 -0.240070351241 -0.182295091641 0.0637500781697 0.143447514766 0.151409362985 -0.032966537644 0.156154196071 0.346310913221 -0.239369798844 0.214080406459 0.212874528901 0.257585860124 0.0634171022242 -0.0945731124251 -0.106652862221 0.0452118649293 0.115557473895 -0.236825346238 -0.223438386322 0.0282696637178 0.030497174006 -0.121577012865 -0.129866203871 -0.0802148504103 -0.131436144485 0.044837665995 0.191322954391 0.266136399064 0.321197731287 0.158123186515 -0.312699297896 -0.130165906513 0.110291774192 -0.310000651119 -0.212797427637 0.189609146113 0.0965125546698 0.0273676792164 -0.264302405043 -0.179458636024 0.095551618364
-0.026526043352 0.344560658478 0.150900910616 0.313779034509 0.087093613005 0.132293108513 0.089046810665 0.151451150294 0.145646788782 0.101368802722 -0.0164182011852 0.177332688064 0.0565599742298 -0.133230015355 0.101960307386 -0.168631625247 0.0828133534823 0.127453918456 -0.0361698690036 0.06411827625 -0.273503673291 -0.0629045882471 0.190889592339 0.263125961427 -0.138746865706 -0.004621461496 -0.202947683946 0.0447789632843 0.15595927368 0.326971030741 -0.0658571986677 -0.0229133915557 -0.133502784517 0.0776383836005 0.0016511588157 0.0501098385497 0.163583041244 0.00222263887158 0.0840201433396 0.0868214270422 0.0644853846544 0.0570812479401 0.302776678885 -0.256553786546 0.0607729813815 0.043691388455 0.0417376913823 -0.191627993391 -0.189834678669 0.115572217748 0.174571596713 -0.175301470315 0.149800887148 0.141789488067 0.315576122249 -0.144171261819 0.0295898371044 -0.0889427352694 0.054776045631 0.0175724730336 0.114637518934 0.0847909351551 0.138624327532 -0.107044423626 -0.00379251905629 -0.00595829931942 -0.0437196786333 0.14876430448 -0.0557450867045 0.100277963999 -0.0646349215433 0.15461243146 0.079815479311 0.0192680675041 0.306378053576 0.327822553995 0.258281851261 -0.0111810998968 -0.1617341126 -0.0863790956063 -0.157571283582 -0.218203627862 -0.112004840574 -0.133679949421 0.123496430497 0.0554973725012 -0.0523105837962 -0.221181786186
-0.0248207464067 0.21149698057 0.0866294302302 0.233592767046 0.132293108513 -0.073346662891 0.0750293027395 0.145646788782 -0.0496471926976 0.0700773438765 0.177332688064 -0.0619770425412 0.0446591844579 0.317713570842 -0.0500327134766 0.0108893112542 0.101960307386 -0.281901878585 0.419778422678 0.0611821281127 0.176857325667 0.06411827625 -0.251268718455 -0.133775633241 0.126380370619 0.0749780348999 0.0167177131298 -0.004621461496 -0.20528368221 0.013091002375 0.046524441246 0.0417130268052 0.0356827583722 0.0780070253276 0.147927043281 0.0118551952617 -0.0855319043186 0.107981804248 0.0390574645409 -0.0777063548641 0.189098655316 -0.0629868078321 -0.0843985025674 0.0866410954713 -0.0209006312293 0.0509776307107 -0.106517201661 0.0477265851067 -0.0506711343638 -0.109785733546 -0.120331637622 0.010002931106 -0.114648992718 -0.0890378527495 0.040331751975 0.0599111678677 0.0424817179768 0.0104237358764 0.112474695418 -0.142251530893 0.242667517525 0.227638956404 0.201052770841 -0.312679812665 0.232987119101 0.185947840848 0.00914319530481 0.14770641394 -0.0138175844518 -0.0394997223722 -0.018558140467 0.207281877114 0.0215121938678 0.27936160224 0.295827002119 0.311591404289 0.230001129058 -0.266745436789 0.0329855637162 0.00210576508823 -0.208366008632 0.01569735993 0.0828986149392 -0.0676561971338 0.13478212413 0.134325341439 -0.188374923979 0.214332397772
0.0590036023562 0.0518950811807 0.106121677964 0.0516662193541 0.089046810665 0.0750293027395 0.0695830797585 0.101368802722 0.0700773438765 0.144243369824 0.0565599742298 0.0446591844579 0.170745736167 0.101960307386 0.167532703581 0.105377341434 0.153088946608 0.0664230334794 0.06411827625 0.521424723198 0.0575419673362 0.13694575682 -0.0620433581799 -0.140449883054 0.145807344661 0.146153811039 0.0649868820594 -0.0507000952723 0.0944330737502 0.0120755366082 -0.127666491556 -0.138320718655 -0.24047455799 -0.10800923337 -0.0823527539969 -0.152259737823 0.0358943016545 -0.00612596195036 -0.0842337387912 -0.0215386313851 0.0194266545826 -0.189040340975 0.0191875746581 -0.323413015834 0.251408475058 0.00455980782232 0.000985806443935 -0.230141512357 -0.324741268816 0.209158294128 0.202663924129 -0.0670027560956 -0.0209719853575 0.259139374798 0.536784807367 -0.270711284202 0.0116695713788 0.0497951393842 0.05192676059 -0.0820143062495 -0.105875740102 -0.117110694699 0.00779530186807 0.162304264009 -0.164018911622 -0.268570855829 0.0317979636044 -0.00521812232519 -0.155202417822 -0.0742968245217 -0.0897178535823 -0.170234877208 0.144169508767 -0.0249252504028 0.188382442071 0.225223207706 0.120764777452 -0.171358852402 -0.0291696984355 0.136186046317 -0.221909825292 -0.0325213351172 0.332433114849 -0.0597927111429 0.128495323373 -0.0698114137655 -0.152267881867 0.0734489080824
-0.120079549622 0.0355547479443 -0.205848261476 0.0492336512501 -0.485856001972 0.862738271448 0.312635780846 -0.375921242342 0.782059959159 0.271703101501 -0.133230015355 0.317713570842 0.101960307386 -0.589788550995 0.0875243215355 -0.242855437435 0.404958098261 0.551629043454 -0.19402481183 0.130878436841 -0.105879620818 0.00306416306486 0.219396882577 0.779216858524 -0.372741304947 -0.464517734863 -0.404509320911 0.262274316745 -0.0547407734947 -0.864170042093 -0.0100791752386 0.0655221510088 0.0140217371856 0.0628158772897 -0.0513136095639 0.0301046952222 0.141920686952 -0.030896181516 -0.033649857139 0.149887058072 -0.088572458171 0.162221992759 0.163342420941 -0.0140807927144 -0.0108826279029 0.0533177941439 0.0216996331319 -0.0380796781462 0.0266239155415 0.0355575277234 0.344747825587 -0.10257628542 0.00437660689037 -0.00923245172678 -0.072648444595 -0.085137281164 0.185375759223 0.00422644111829 -0.0125520790878 0.0216874837624 -0.130752165451 -0.181339707038 -0.0496968155393 0.0849942511648 -0.0808151498173 0.142273958987 0.0311410023434 -0.109723511879 0.29670711452 0.102283924982 0.30620339193 -0.132522572872 -0.33153184741 0.127127400927 0.193495633906 0.198093651786 0.096958015115 -0.323282359293 -0.209179943448 -0.191745792392 -0.215832619157 0.0116043301226 -0.0429161240233 0.130768170415 0.143565196276 -0.0149771669191 0.150160068246 0.0989144095719
0.0898249657922 0.362785144341 0.371401332575 0.257111796476 0.312635780846 -0.0528290746354 0.421224824043 0.271703101501 -0.146825057571 0.404881134274 0.101960307386 -0.0500327134766 0.167532703581 0.0875243215355 -0.450609831214 0.398967989171 -0.206576937297 0.00633973126912 0.130878436841 0.0887470201636 0.199562120955 0.0303917406537 -0.11765462692 -0.107876653687 0.239471215552 -0.0507334679059 0.111042655255 -0.0340200778116 -0.404742319261 -0.291745865845 -0.0198092993701 0.0174633787128 0.00750283852345 0.00649342507207 0.0152431126193 -0.0692176134312 0.0247644538828 -0.00416176268436 -0.0621093600816 -0.0172444772869 0.0754222456252 -0.0737131959887 0.0657082702903 -0.0385134409256 -0.00891563116414 0.0164414492294 0.036906686002 -0.0283496227223 -0.0378692584494 -0.115633341403 -0.0648328255137 -0.0366358871699 0.0364254662439 0.0278958965536 -0.0598349079862 -0.0556838847914 0.00542737169367 -0.0103101039323 0.0312945568186 0.0343075904301 0.244077501534 0.26350569166 0.196800259781 -0.020891255487 0.257331723755 0.00652290061544 0.0750310427095 0.376437354094 -0.0890735724078 0.0909254293762 -0.0902707442519 -0.0867414019145 0.0322408214398 -0.456105450219 0.241247494701 0.260871552881 0.19030433345 -0.267474554403 -0.057473357959 0.0334344239055 -0.304860697048 -0.210815563636 0.0533441914215 0.0973293298139 -0.0162432513931 -0.163325701027 -0.08059620173 0.17429990653
-0.174641086997 -0.464133151258 -0.794438105852 -0.260178068833 -0.170109999028 -0.0593221804986 0.536321331974 -0.304739407388 -0.0250347081371 0.383275023647 -0.168631625247 0.0108893112542 0.105377341434 -0.242855437435 0.398967989171 -0.496016300443 -0.497076976921 -0.188459079437 -0.105879620818 0.199562120955 0.173735312906 -0.132851115575 -0.106268806583 0.534323973165 -0.205746819852 0.510483500122 0.200887377491 0.702398060478 0.086498988104 0.230682361688 0.0311185727716 -0.0514236336967 0.135002142432 -0.130571484646 -0.0682933989382 -0.0212679635578 -0.151555938903 -0.141801976196 -0.0258868885026 -0.241440925596 -0.226133285216 0.0373199144039 -0.193710418081 -0.211297579655 -0.132771689395 -0.0806051080663 0.136656197513 0.0514556365952 0.0165670857062 0.126499307564 -0.205540123429 -0.502995139425 -0.158539196352 -0.0588404638089 -0.00120231251354 0.179784592854 -0.0107728108854 -0.462268233731 -0.301467659776 -0.16515800602 -0.106136593482 -0.0947526207179 -0.122534025315 -0.073181307873 -0.157761726688 -0.095566898332 -0.114830337406 -0.167735899049 0.0753359003355 -0.0536834343485 -0.0832366760961 0.151421421091 0.13106700022 0.26726791756 -0.213367378227 -0.228088518246 -0.171410107611 0.162888857775 0.115878431035 0.229374489689 0.0843206345798 0.250448643029 0.329149088641 0.0349473710587 -0.411111039624 0.0131652446091 -0.296512591872 0.000391361992896
-0.208905102401 0.4079428631 0.181593510838 0.258943132852 0.387178467492 0.312635780846 0.573407270806 0.296365233918 0.271703101501 0.462186807068 0.0828133534823 0.101960307386 0.153088946608 0.404958098261 -0.206576937297 -0.497076976921 -0.113650860462 0.782620460094 0.00306416306486 0.0303917406537 -0.132851115575 0.149059994929 0.26037364017 0.202354557054 -0.0485408178125 -0.0340200778116 -0.0756345099399 0.387853320361 0.25926549607 0.429433678412 0.02077828749 0.0565239789263 0.11737325714 0.0483823918133 0.0686882387991 -0.031538681077 0.0207779544976 -0.0353902890991 -0.0582448737565 -0.0792338579159 0.0155185636114 0.0385712857484 0.132854752494 -0.178750044664 -0.183831572186 -0.171511091052 0.165764048684 0.087348940241 0.0504880318503 0.0668323868838 -0.0334583008847 -0.165019283899 -0.149600616835 0.00592772953256 -0.0253213774677 0.0874960302563 -0.194978778756 -0.269386357628 -0.280459677563 -0.177954404274 0.106089253813 0.0914275276069 0.143091558144 0.0211653994186 0.0346267524241 -0.025948029419 0.0833916193882 0.205783088537 0.00436492916993 0.0120126701161 -0.0390629657526 -0.0326115932205 0.0578255109191 -0.131745572728 0.29545660076 0.337990598881 0.223892260416 -0.20875918386 -0.282814158066 0.0093132925719 -0.24382197679 -0.445878725165 -0.0465514857817 0.395421453375 0.0620892072202 -0.257735832435 0.027593717676 -0.361077806204
0.167511331534 0.262009226031 0.391751339946 0.199212906656 0.00530816054998 -1.00982985665 0.220003771064 0.207950984574 -0.824163763062 0.221595145744 0.127453918456 -0.281901878585 0.0664230334794 0.551629043454 0.00633973126912 -0.188459079437 0.782620460094 1.16115342391 0.219396882577 -0.11765462692 -0.106268806583 0.26037364017 0.609191109911 -0.510097904549 -0.0547407734947 0.311255805048 -0.164686995674 -0.148765368587 0.285326768638 0.419745043356 -0.00292242147677 0.0172957003609 0.0166292573926 0.02035449946 0.0127575575501 -0.161522871365 0.00719047241317 -0.0114281925783 -0.168389352582 -0.013051850405 0.00219453893387 -0.228556877292 0.0504611897656 -0.0380525187752 -0.0509645633271 -0.0788383628054 0.0459996546903 0.0286804973136 -0.13853428649 -0.421329080509 0.0213241931866 -0.0745384329289 -0.0876069820852 -0.0208348603817 -0.171975645666 -0.229544760682 -0.0754159474521 -0.0712554003973 -0.0782925525016 0.00518513019188 0.23840435169 0.280142130021 0.205329147621 -0.09072775631 0.105480413636 -0.00476052778363 0.0171461846188 0.410575376756 -0.2279345733 -0.0123380416682 -0.24546188273 -0.118622078076 0.116006240739 -0.139897549264 0.0595428007001 0.0586446704227 0.0945642759767 0.245740119689 -0.258149253301 -0.0168943790895 0.322038772359 -0.464383976796 0.00825520629416 0.0274855977785 0.154516442075 -0.0821616239542 -0.271699207948 -0.841443170617
-0.0187113996454 0.22254923666 0.0246592122022 0.269592616184 -0.142838207068 0.600334463377 0.139172033846 -0.140104807329 0.690709768773 0.154480736351 -0.0361698690036 0.419778422678 0.06411827625 -0.19402481183 0.130878436841 -0.105879620818 0.00306416306486 0.219396882577 -0.195242329693 0.125804534696 -0.164640024032 -0.173188258881 0.111399612175 0.578325237667 -0.176837609687 -0.423892993318 -0.341595843171 0.150568152501 -0.16416036176 -0.458697711146 -0.0688795839509 0.0852088821244 -0.0312530977154 0.125697282211 -0.0761245459482 0.0321272207458 0.179184612908 -0.0900568855631 -0.0257675508366 0.130719392494 0.00769857575096 0.195830028799 0.280582982187 -0.0843260707805 -0.015452633538 -0.0371295470927 0.137426042628 -0.127927843113 -0.00828749389217 0.136629903167 0.175069154417 -0.0347274627724 0.0840617580557 0.0714896410111 -0.0302533140414 -0.0779782977906 0.044473127821 0.0132080160639 -0.141254559896 0.168745923718 -0.0890321903367 -0.13179533636 0.0692666441503 0.27321987806 0.0187376319527 0.101721296263 0.190577238982 -0.0355123721658 0.159888429709 -0.155300394203 0.126820755293 -0.313748254903 -0.35216870898 -0.118433704168 0.388583214207 0.409300955234 0.311195607807 -0.176389348398 -0.0831701074073 -0.186064952961 -0.260427171813 0.0666052574247 -0.166263905712 -0.0771779884007 0.103042570145 0.169821208782 -0.1491949465 0.140832299371
0.0159787037112 0.144079506205 0.12769146716 0.108974768229 0.139172033846 0.0105401590743 0.484765326347 0.154480736351 0.00439023030681 0.501523120003 0.06411827625 0.0611821281127 0.521424723198 0.130878436841 0.0887470201636 0.199562120955 0.0303917406537 -0.11765462692 0.125804534696 0.0630559798566 0.067582534475 0.216359823154 -0.240372804731 -0.106612339267 0.282261933191 0.108664766689 0.0484488768524 -0.111325058267 -0.458298559714 -0.321336548389 -0.120539442926 -0.106611193536 -0.106682790108 -0.18748764738 -0.213802593982 -0.0550244414601 0.127790940603 -0.171191659216 -0.0380198171705 0.105382007352 -0.173921455864 0.0266555256133 0.0867551949541 -0.172486202585 0.050489969973 -0.0871045362566 0.199554437066 -0.0955318833097 0.103795213269 -0.062742782931 0.0484060873476 0.0801431455673 0.133379624401 0.090317875639 -0.0385695495433 -0.128228112336 -0.143576401496 -0.0275112889663 -0.195976892921 0.229524562853 0.325721217899 0.318336445974 0.17120899518 -0.363694856448 0.304380816999 0.475525543684 -0.00454500885548 0.24201282885 0.246499904896 0.171108980126 0.12460186658 0.305976022877 -0.171109782165 0.0503755964008 0.306799480894 0.349418677786 0.200297337208 -0.471661744254 0.0423327336728 0.205543963464 -0.426808747929 0.0192220676912 0.459295121745 -0.129347795062 0.189889400442 -0.16908720857 -0.353261298959 0.40990474756
-0.0339066570597 0.0483794799209 -0.12890871072 0.118075491532 -0.3517405575 0.123663021025 0.101705640068 -0.44887410109 0.135052209182 0.0387799424242 -0.273503673291 0.176857325667 0.0575419673362 -0.105879620818 0.199562120955 0.173735312906 -0.132851115575 -0.106268806583 -0.164640024032 0.067582534475 0.187914398474 -0.14167809031 -0.0856956398466 0.208198630621 -0.234066632737 0.397992947815 -0.0195975663611 0.388597702895 -0.11575561781 0.185355552765 0.15777740774 0.188995284716 0.294389393064 0.179936938731 0.164297403359 0.18609189424 0.086651804311 0.0531921889089 0.104352356916 0.104693470667 -0.0456219949965 0.172393012704 0.199070883014 0.118335119843 -0.367327779247 0.0180321836591 0.139700765478 0.200721902002 0.178741835567 -0.237529057392 -0.0828434227611 -0.0924667557651 0.197817186387 -0.254397379257 -0.548372645797 0.209359729358 -0.114382456996 -0.21245441629 -0.0637034037885 0.0864456264142 -0.0230548915472 -0.0325675500292 0.0483053944119 -0.143272522961 -0.0856807294699 -0.285159106145 -0.0821277200994 -0.0255854376726 -0.15540162413 -0.106011862711 -0.21900562907 -0.0106782656547 0.260229617214 0.345675369383 -0.0549667722978 -0.101540834724 0.072679311132 -0.00317201316119 0.0773625929617 0.229791817714 -0.148433340423 0.175761211955 0.223045524182 0.122609546198 -0.139233388274 -0.00616597298755 -0.0993056552274 0.0584850324064
-0.0213528799773 0.206432136371 0.128725140264 0.160617300094 0.0261168117448 0.139172033846 0.227727531742 0.00367344970551 0.154480736351 0.222744226424 -0.0629045882471 0.06411827625 0.13694575682 0.00306416306486 0.0303917406537 -0.132851115575 0.149059994929 0.26037364017 -0.173188258881 0.216359823154 -0.14167809031 0.337155551474 0.141934911842 0.0532638001865 0.00673069265325 -0.111325058267 -0.264300864361 -0.0979089404242 0.14689842332 0.167333159384 0.168768112054 0.199969502925 0.320077346207 0.124554175512 0.0526967138716 0.00291370460335 0.00440020311575 -0.0258393840147 -0.121890835406 0.0115566732457 -0.110112999446 0.00437466926585 0.106808273046 0.345577768001 -0.257743478053 -0.0968625195369 -0.00708750557362 0.411973878655 0.259173192709 -0.122405661834 -0.0369126354426 0.167345786399 -0.172882751984 -0.208399948672 -0.596178947297 0.274500201099 -0.23556298346 0.0594912075908 -0.0987410697149 -0.0735310850802 0.0859257597784 0.0544669466932 0.09662339147 -0.0513551937278 -0.0409333996515 0.0621770769063 0.0134850734197 0.0559056746363 0.0489609287475 0.197003780487 -0.00934926141373 0.123274533851 -0.045470721666 -0.00171201184464 0.198118352608 0.233487279 0.129309175141 -0.130687471592 -0.166424422478 0.110311875824 -0.115640722581 -0.226160989101 0.230416856807 -0.0597731400309 0.0356329770502 -0.248788931758 -0.0425970405809 -0.0821901933659
0.0263769166045 0.167155858498 0.0989380636805 0.160836676807 0.236625585039 -0.413412897982 0.00778832633524 0.30950720694 -0.407710639355 -0.000358390300647 0.190889592339 -0.251268718455 -0.0620433581799 0.219396882577 -0.11765462692 -0.106268806583 0.26037364017 0.609191109911 0.111399612175 -0.240372804731 -0.0856956398466 0.141934911842 0.181134814552 -0.291509418081 -0.16416036176 -0.0140386757717 -0.0901707046332 -0.21801812405 0.158675734826 0.600786415198 0.0230429179742 0.0503203044887 0.0773534404376 0.032768326928 0.0554508548986 -0.132612478575 -0.0610357920403 0.0313784600094 -0.179192033107 -0.0832220385643 0.147840416719 -0.163110030722 -0.0441582357508 0.113864549481 0.0153448244676 -0.101571797266 -0.0151328334937 0.144233841319 -0.00895084130339 -0.0980169657223 -0.145414106559 0.116553431681 -0.080741782141 -0.00241429054358 -0.254827420614 0.0177249471901 -0.080602738062 0.0572892828236 -0.109861261651 0.000862581051964 0.248459447964 0.260922943248 0.179220098289 -0.376803827846 0.264788662232 0.187293702127 -0.0237396067238 0.202363001098 -0.096074089422 -0.0427833760736 -0.0219121157471 0.0809710498745 0.114605052919 0.284321146907 0.02104739266 0.0189574729454 0.0671336073363 0.477554798796 -0.32054377432 -0.146316166271 0.294621051111 -0.42224829283 -0.17622392326 -0.0676874773675 0.0670651133387 -0.0509341212282 0.13078871993 -0.670919734376
-0.117764219282 -0.553535976884 -0.548686552658 -0.419192835203 0.464993875437 -0.356171355782 -0.122416538669 0.525422591098 -0.401238765204 -0.197352469462 0.263125961427 -0.133775633241 -0.140449883054 0.779216858524 -0.107876653687 0.534323973165 0.202354557054 -0.510097904549 0.578325237667 -0.106612339267 0.208198630621 0.0532638001865 -0.291509418081 0.531075396871 0.128398782936 0.16952813255 0.464147590817 -0.232531097732 0.278179780099 0.218511785131 0.0312878980682 -0.195530622083 -0.00470987573738 -0.267097240914 -0.0137601359372 0.0213461613521 -0.349664941024 -0.0385582699473 0.0350749529228 -0.333666747506 -0.0183266845155 -0.0474028117189 -0.494218817038 -0.0110669823217 0.0415638742483 -0.0703197676223 -0.0562033196698 0.102437299674 0.00725388220678 -0.0507827852552 -0.514656277129 -0.115168297952 0.0157529897449 0.00188058148846 -0.0880807068196 0.0124943575254 -0.188079566729 -0.109176576201 0.122347765369 -0.00536222395988 -0.168087483831 -0.123613314389 -0.231637574336 0.201978203663 -0.125801574742 -0.199572094583 0.0785704192352 -0.274495820812 -0.0623517733726 0.0491980584489 -0.107624214001 0.246080727851 -0.0450999139673 -0.068517655178 -0.141176090051 -0.116496523127 -0.219608159673 0.277215855964 -0.2668647721 -0.23256249703 0.446245517051 0.0607128179598 -0.109930107339 0.0674651456645 0.109852366284 0.252147626959 -0.095508314037 -0.35160187013
0.0553153812833 0.353424729811 0.289587235883 0.282234361703 -0.0525856674405 0.200854688312 0.101507956749 -0.151943821698 0.266980251781 0.178287503668 -0.138746865706 0.126380370619 0.145807344661 -0.372741304947 0.239471215552 -0.205746819852 -0.0485408178125 -0.0547407734947 -0.176837609687 0.282261933191 -0.234066632737 0.00673069265325 -0.16416036176 0.128398782936 0.160769556761 -0.173049137649 -0.0244411814478 0.353736983549 0.302265854083 0.227133636158 0.104647663809 0.00179707702078 0.0474844486267 0.106937386078 0.0748679837512 0.132682446547 0.0379584361004 0.0232155656501 0.137798233122 -0.035599952691 0.0301850142491 0.0443742042568 0.276286545165 0.0875802528463 0.0162241951841 -0.0432024496564 -0.081951945845 0.192459579681 0.0360015891917 0.184450177197 0.159545765274 0.062708107868 -0.0189980981262 0.000326908681604 0.0528530809961 0.0907793964323 0.0351184829617 0.0243601306293 0.167603773664 -0.0215784539076 0.0667773806099 0.0659773804148 0.15386535985 -0.0313968568958 0.0756985153554 0.0352765567216 -0.0489491238811 0.16699550214 -0.119546310799 -0.2768734149 -0.00899611735386 -0.113727729211 -0.092794487627 0.00382079209663 0.245915208715 0.247764805438 0.192905450524 -0.428800539399 -0.117161182726 0.0598346100034 -0.358671180246 -0.0745543777235 0.118733163576 0.0649073930733 -0.0428810479827 -0.173646382728 -0.084297344406 0.152485994701
0.00605733742004 0.266672903694 0.0992457820577 0.275037246324 -0.0600196462004 0.00147362711234 0.378424633474 -0.0393658270794 0.0730848418196 0.415899392623 -0.004621461496 0.0749780348999 0.146153811039 -0.464517734863 -0.0507334679059 0.510483500122 -0.0340200778116 0.311255805048 -0.423892993318 0.108664766689 0.397992947815 -0.111325058267 -0.0140386757717 0.16952813255 -0.173049137649 -0.284745919885 0.152607757408 0.321696484979 -0.0775355192589 -0.0173080917824 0.106575346992 0.0197211823837 0.0833401965554 0.0980377539433 0.0873293782375 0.0709730044833 -0.0485166331103 -0.00254088309133 0.0151376816127 -0.102547634435 0.10217358037 0.0285446549971 0.0823287585082 0.152349655456 -0.0263468119553 0.0657913318087 -0.069544386462 0.0601173110439 -0.123668253889 0.126290423129 0.0518086137152 -0.135959632272 0.00204286163337 -0.0460439114741 -0.0151476403622 0.00174833289961 0.196506722688 0.00563135397865 0.098735604457 -0.031186434023 0.213710474626 0.181568991259 0.185791576979 0.182985593359 0.27670680961 0.444384121695 0.163694841282 0.339134814338 0.27505064003 0.159329887428 0.278396938938 -0.0207391271847 -0.312519017747 -0.593098125151 0.12432318071 0.113069704936 0.203983967235 -0.00707367658991 0.0202626976801 0.273342235692 -0.241622463628 -0.104918879054 0.220973311517 -0.00127251682889 -0.202189570962 -0.0801786421717 -0.350624722674 -0.0282073247795
0.0237817001207 0.106642474935 0.15492379755 0.0515583339473 -0.436439940215 0.0288214716991 -0.0227209026451 -0.455086885824 0.053907193696 0.0769625949974 -0.202947683946 0.0167177131298 0.0649868820594 -0.404509320911 0.111042655255 0.200887377491 -0.0756345099399 -0.164686995674 -0.341595843171 0.0484488768524 -0.0195975663611 -0.264300864361 -0.0901707046332 0.464147590817 -0.0244411814478 0.152607757408 0.710139072395 0.161899229074 0.455835712917 0.0326159571152 -0.0758874083218 -0.06840920311 -0.207606102718 0.0156197761515 -0.191470946565 0.039778955852 0.0514454374463 -0.10463899938 0.0581254980388 0.0589130808576 -0.044126722506 0.0400851496495 0.18281213206 0.228506452018 0.153717112285 -0.0176185207826 -0.261271131387 -0.0525509283349 0.0982742446307 0.198672200278 0.233876687319 0.199823820121 -0.134972731038 0.295298938937 0.2394986543 -0.0455621724653 -0.0307943702697 0.281214883621 0.0245656894465 0.0726237222894 0.0358709438371 0.0292626364054 0.0388225442985 -0.15874388895 -0.116403269775 -0.0539306799593 -0.049667274407 0.0213039329052 -0.0832985572607 0.121388538656 -0.105940030924 0.220372298805 0.0526586542054 0.136730937118 -0.150376392735 -0.185331803893 -0.0315802244526 0.375801807604 0.0536891268916 -0.014764042851 0.0260616562436 0.0891569369644 -0.0434778323563 0.154694416184 -0.0705628559866 0.298699304686 -0.0148223438997 -0.180687677362
0.0548239384149 -0.238624243229 0.0453567767195 -0.249009467288 -0.0990331688472 -0.0600196462004 -0.0851573427862 -0.0662015235742 -0.0393658270794 -0.0481523395083 0.0447789632843 -0.004621461496 -0.0507000952723 0.262274316745 -0.0340200778116 0.702398060478 0.387853320361 -0.148765368587 0.150568152501 -0.111325058267 0.388597702895 -0.0979089404242 -0.21801812405 -0.232531097732 0.353736983549 0.321696484979 0.161899229074 0.960248298503 0.076692152318 -0.678182740208 -0.146345667274 -0.249168057981 -0.362559015811 -0.167791734289 -0.233587687802 0.042372148875 -0.132136725158 -0.0812242234559 0.156941573813 -0.0854510742678 0.06780636564 0.0338760243297 -0.191639940184 0.199796626742 0.396353744441 0.156289206074 -0.366279423901 -0.34628862802 0.0529707673517 0.0993488633024 0.0284215693415 0.0554325483602 0.173269460982 0.203557669615 0.414689522874 -0.155980681713 0.344712007296 0.178201235823 0.0740747784552 0.236695143352 -0.125201619219 -0.107584698374 -0.164323382711 0.14557931185 -0.000734326578075 0.1158237255 0.0539633463546 -0.073476083466 0.124164070061 0.0817378819861 0.0368209192018 -0.0305127737782 -0.204489929011 -0.1167633754 -0.169198080978 -0.1740763643 -0.164252760011 -0.0815202041505 0.0558763032458 0.301691897415 -0.0224409916562 0.20354209085 0.211818314138 0.169937875983 -0.469719178707 -0.0909473130027 -0.140856639023 0.0969642659959
